<?xml version="1.0" encoding="UTF-8"?>
<document version="2.0.0">
  <chunk label="Chunk 1" enabled="true">
    <sensors next_id="2">
      <sensor id="0" label="unknown" type="frame">
        <resolution width="2340" height="2364"/>
        <property name="layer_index" value="0"/>
        <bands>
          <band label="Red"/>
          <band label="Green"/>
          <band label="Blue"/>
        </bands>
        <data_type>uint8</data_type>
        <calibration type="frame" class="adjusted">
          <resolution width="2340" height="2364"/>
          <f>2892.2576028011849</f>
          <cx>38.826709687053871</cx>
          <cy>-23.284025637725129</cy>
          <k1>0.0029179009035112309</k1>
          <k2>0.0039400251732609705</k2>
          <p1>0.0022844505181477803</p1>
          <p2>-0.0022398364609964604</p2>
        </calibration>
        <covariance>
          <params>f cx cy k1 k2 p1 p2</params>
          <coeffs>0.093596669360640747 -0.093878363180121854 -0.0049334695252020253 1.7441500583807463e-05 -1.3199778000084661e-06 -7.5808511544554227e-06 -9.882555076336791e-07 -0.093878363180121854 1.0331737151503562 0.32637167456069111 -6.4145144019149906e-06 -5.2540685318311398e-06 8.9937293527592697e-05 2.7771811477862444e-05 -0.0049334695252020253 0.32637167456069111 0.50686171501205368 -5.1761683937777928e-06 -8.69850299173503e-06 2.839449126748943e-05 4.3311265875135329e-05 1.7441500583807463e-05 -6.4145144019149906e-06 -5.1761683937777928e-06 1.3297193819906281e-08 -2.9464243147110981e-08 -3.8303560417721044e-10 -7.6033038739897749e-10 -1.3199778000084661e-06 -5.2540685318311398e-06 -8.69850299173503e-06 -2.9464243147110981e-08 1.0857266155113286e-07 -4.7975718292687743e-10 -7.3419654880979881e-10 -7.5808511544554227e-06 8.9937293527592697e-05 2.839449126748943e-05 -3.8303560417721044e-10 -4.7975718292687743e-10 7.9286419910018956e-09 2.3965962489812516e-09 -9.882555076336791e-07 2.7771811477862444e-05 4.3311265875135329e-05 -7.6033038739897749e-10 -7.3419654880979881e-10 2.3965962489812516e-09 3.8211864703629779e-09</coeffs>
        </covariance>
      </sensor>
      <sensor id="1" label="unknown" type="frame">
        <resolution width="2340" height="2345"/>
        <property name="layer_index" value="0"/>
        <bands>
          <band label="Red"/>
          <band label="Green"/>
          <band label="Blue"/>
        </bands>
        <data_type>uint8</data_type>
        <calibration type="frame" class="adjusted">
          <resolution width="2340" height="2345"/>
          <f>2859.3922959464535</f>
          <cx>-18.598166048691784</cx>
          <cy>2.5518612934285132</cy>
          <k1>0.00038045223831494518</k1>
          <p1>-0.00062373238754527679</p1>
          <p2>-0.000305121465750767</p2>
        </calibration>
        <covariance>
          <params>f cx cy k1 p1 p2</params>
          <coeffs>0.18032844600596121 -0.056350401282730847 0.012066755134043606 2.7133550120896478e-05 -7.1557404868661298e-06 2.1517573884571097e-06 -0.056350401282730847 1.3755125865968276 0.28993221184893303 1.6895940970666033e-05 0.00013033916437904671 2.3010750883316349e-05 0.012066755134043606 0.28993221184893303 0.69628679895016665 6.2362264713690867e-06 2.5314882710340757e-05 5.8177116903430515e-05 2.7133550120896478e-05 1.6895940970666033e-05 6.2362264713690867e-06 1.3189016138168936e-08 1.4473626975176286e-09 6.7204425285982104e-10 -7.1557404868661298e-06 0.00013033916437904671 2.5314882710340757e-05 1.4473626975176286e-09 1.3049409846617835e-08 1.9983407583058874e-09 2.1517573884571097e-06 2.3010750883316349e-05 5.8177116903430515e-05 6.7204425285982104e-10 1.9983407583058874e-09 5.3489205274130243e-09</coeffs>
        </covariance>
      </sensor>
    </sensors>
    <components next_id="1" active_id="0">
      <component id="0" label="Component 1">
        <region>
          <center>0.69289551815507933 0.5753589151110492 -9.2347512203871283</center>
          <size>17.303871774176756 11.437771005431813 9.5227501625816018</size>
          <R>-0.81248136458526421 -0.062545416366023676 0.57962237973810837 0.31033889683903348 -0.88805486390560739 0.33918774712882072 0.49352183468454441 0.45546309354896575 0.740938303169979</R>
        </region>
        <partition>
          <camera_ids>0 1 2 3 4 5 6 7 8 9 10 11 12 13 14</camera_ids>
        </partition>
      </component>
    </components>
    <cameras next_id="15" next_group_id="0">
      <camera id="0" sensor_id="0" component_id="0" label="AS17-137-20903HR">
        <transform>1 0 0 0 0 -1 0 0 0 0 -1 0 0 0 0 1</transform>
      </camera>
      <camera id="1" sensor_id="0" component_id="0" label="AS17-137-20904HR">
        <transform>0.99758548474185083 0.050595377948751873 -0.047574240536126959 -1.3973988706749527 0.050694183856269247 -0.99871384269932406 0.00087185084530655432 0.11733916400007084 -0.047468940956304079 -0.0032814830446984689 -0.99886732427961356 -0.37886716129561887 0 0 0 1</transform>
        <rotation_covariance>4.110370404336756e-10 -1.0687063967282277e-10 1.1837811562131491e-10 -1.0687063967282275e-10 1.5330312726096813e-09 1.8151677759773007e-10 1.1837811562131494e-10 1.8151677759773007e-10 3.9391362179521301e-10</rotation_covariance>
        <location_covariance>2.0714448595845378e-07 -1.3864846597468187e-08 6.2971513699686758e-08 -1.3864846597468187e-08 2.1045458436033524e-08 1.3569311306293278e-08 6.2971513699686758e-08 1.3569311306293278e-08 8.2956759496317783e-08</location_covariance>
      </camera>
      <camera id="2" sensor_id="0" component_id="0" label="AS17-137-20905HR">
        <transform>0.99780205335310446 0.030088008978705526 0.059040444104241405 -2.4118847911318069 0.028336412224983457 -0.99913958836544792 0.030284165881516001 0.25769616317925398 0.059900835274180643 -0.028544608538579042 -0.99779611908286903 -0.64044192484458429 0 0 0 1</transform>
        <rotation_covariance>4.4535877064929418e-10 -4.1595305347184855e-10 3.1603544261379699e-10 -4.159530534718486e-10 2.5066690820649609e-09 2.0585187801308442e-10 3.1603544261379709e-10 2.0585187801308448e-10 2.6435782651244234e-09</rotation_covariance>
        <location_covariance>5.994552984842195e-07 -5.9873005945111621e-08 2.3195090674889893e-07 -5.9873005945111621e-08 4.6949975196484945e-08 1.538658898750303e-08 2.3195090674889893e-07 1.538658898750303e-08 4.0925176199724807e-07</location_covariance>
      </camera>
      <camera id="3" sensor_id="0" component_id="0" label="AS17-137-20906HR">
        <transform>0.99870612438911099 0.016376633279501559 0.048144397286810713 -3.2349577926069872 0.015243410297704086 -0.99960024108174117 0.023811687714656995 0.30086408463941472 0.048515106412100065 -0.023046993551290484 -0.99855651844954152 -0.7460569021411233 0 0 0 1</transform>
        <rotation_covariance>4.3841101890089879e-10 -5.9182486450622155e-10 4.4274002444034053e-10 -5.9182486450622145e-10 4.9911786701563324e-09 -8.505624197256798e-11 4.4274002444034073e-10 -8.5056241972568006e-11 4.2148728358832753e-09</rotation_covariance>
        <location_covariance>1.1104531119279592e-06 -8.7774192170310027e-08 4.5710085190069873e-07 -8.7774192170310027e-08 6.7849331645338862e-08 2.4440873329124412e-08 4.5710085190069873e-07 2.4440873329124412e-08 6.7760990163462885e-07</location_covariance>
      </camera>
      <camera id="4" sensor_id="0" component_id="0" label="AS17-137-20907HR">
        <transform>0.97626541082547957 0.032652297087255533 0.21410202035638012 -2.60868446178534 -0.034949583641768277 -0.95186127966181622 0.30453018057958908 0.71046470940695994 0.21373903300292446 -0.30478505832060637 -0.9281280590497627 -0.59572970022737937 0 0 0 1</transform>
        <rotation_covariance>2.2797515652958734e-09 -1.1170084217651195e-09 -6.6260320669543268e-11 -1.1170084217651197e-09 1.5133016757985861e-09 6.4835070177236821e-10 -6.6260320669543061e-11 6.4835070177236801e-10 9.0616593179980035e-09</rotation_covariance>
        <location_covariance>7.027116720103148e-07 -1.8645267856405574e-07 2.7596440646521023e-07 -1.8645267856405574e-07 1.1299603047357229e-07 -1.1321162236859097e-07 2.7596440646521023e-07 -1.1321162236859097e-07 6.4696414997361395e-07</location_covariance>
      </camera>
      <camera id="5" sensor_id="0" component_id="0" label="AS17-137-20908HR">
        <transform>0.98905231552002093 -0.019389032742277781 0.14628596164295488 -0.97065755355603978 -0.053122441963030738 -0.97164938000547918 0.23038118086087989 0.50675057650365096 0.13767179567496596 -0.23563010789007438 -0.96204206193458264 -0.29720665419148795 0 0 0 1</transform>
        <rotation_covariance>1.5097919767158706e-09 -4.4845634624013815e-11 -2.9277965248660386e-10 -4.4845634624013834e-11 2.7882039017250439e-10 -1.0383606467838428e-10 -2.9277965248660376e-10 -1.0383606467838429e-10 2.9892741898336798e-09</rotation_covariance>
        <location_covariance>1.0309794676915595e-07 -5.0102450626857955e-08 3.0386269686503549e-08 -5.0102450626857955e-08 5.2477020102514883e-08 -4.0010239195139727e-08 3.0386269686503549e-08 -4.0010239195139727e-08 1.3697190797504159e-07</location_covariance>
      </camera>
      <camera id="6" sensor_id="0" component_id="0" label="AS17-137-20909HR">
        <transform>0.98378597200555307 -0.013193123725781127 0.17886056796131952 0.36430136216746462 -0.056717861029644219 -0.96899309132456446 0.24049006882922619 0.36178896804151867 0.17014183943202077 -0.24673534495815636 -0.95403009597342781 0.029717057041365746 0 0 0 1</transform>
        <rotation_covariance>1.6831253522868911e-09 1.0531682327178934e-09 -2.3833357098261935e-10 1.0531682327178934e-09 1.1230645689697645e-09 4.7328467283417598e-11 -2.383335709826193e-10 4.7328467283417779e-11 1.9655559537227362e-09</rotation_covariance>
        <location_covariance>3.6589749148470431e-08 2.2004898111502605e-08 -6.4152597073987004e-09 2.2004898111502605e-08 3.8799762677903861e-08 -1.1238267199931738e-08 -6.4152597073987004e-09 -1.1238267199931738e-08 4.9373752139863949e-08</location_covariance>
      </camera>
      <camera id="7" sensor_id="1" component_id="0" label="AS17-138-21030HR">
        <transform>0.7422153695534065 0.16306956499395814 -0.65001897062422875 5.5479399588491907 0.26159084289160567 -0.96349529137441237 0.056982930905627158 0.31165072666236732 -0.61699803574562595 -0.21233261754148225 -0.75777851870716328 -1.4632890140275945 0 0 0 1</transform>
        <rotation_covariance>6.4026467447441164e-08 -9.3440073566723621e-09 -1.2374237916576673e-08 -9.3440073566723621e-09 1.3396298311639729e-07 8.2175385067144348e-09 -1.2374237916576678e-08 8.2175385067144365e-09 2.7878394976027204e-08</rotation_covariance>
        <location_covariance>3.4004720904716877e-06 -3.2757444713489603e-08 2.2064548750943671e-07 -3.2757444713489603e-08 2.8043521696763826e-07 -4.121817416161199e-07 2.2064548750943671e-07 -4.121817416161199e-07 2.2299215486609629e-06</location_covariance>
      </camera>
      <camera id="8" sensor_id="1" component_id="0" label="AS17-138-21031HR">
        <transform>0.78607361790527563 0.17561283173369543 -0.59266213019205494 7.1285143121937971 0.24528233646200934 -0.96869512152168336 0.038292779473791366 0.64612186435910901 -0.56738421078934598 -0.17547049572667048 -0.80454040450209041 -3.4826795291060235 0 0 0 1</transform>
        <rotation_covariance>6.9477936473166568e-08 -1.2988761397869925e-08 -4.0207996788120738e-09 -1.2988761397869925e-08 1.5961306344193195e-07 1.6768741141349268e-08 -4.0207996788120804e-09 1.6768741141349271e-08 3.5310010508624915e-08</rotation_covariance>
        <location_covariance>5.6156196171906184e-06 -3.0872891870138111e-07 -3.2080583556616191e-07 -3.0872891870138111e-07 1.034455615086545e-06 -1.0091293089929903e-06 -3.2080583556616191e-07 -1.0091293089929903e-06 3.8893610243493956e-06</location_covariance>
      </camera>
      <camera id="9" sensor_id="1" component_id="0" label="AS17-138-21032HR">
        <transform>0.78603387119080848 0.21998969722616707 -0.57771557574219035 9.0019982889080215 0.27005056338031885 -0.96284582312313627 0.00078365317772632892 0.7875027174387571 -0.55607863343124719 -0.15662839464372325 -0.81623777138317122 -5.1139608897299009 0 0 0 1</transform>
        <rotation_covariance>7.6482978747493457e-08 -2.3298729155520138e-08 4.0248356603298143e-09 -2.3298729155520145e-08 1.8253414758856536e-07 2.5313982825364629e-08 4.024835660329811e-09 2.5313982825364632e-08 5.1518953050916012e-08</rotation_covariance>
        <location_covariance>8.6886447494475321e-06 -8.8475928227323777e-07 -5.4898798208920674e-07 -8.8475928227323777e-07 2.5412795647663053e-06 -1.9092481433057583e-06 -5.4898798208920674e-07 -1.9092481433057583e-06 7.2051018845902417e-06</location_covariance>
      </camera>
      <camera id="10" sensor_id="1" component_id="0" label="AS17-138-21033HR">
        <transform>0.76233975852164804 0.19183049456732709 -0.61809315958940259 10.000779049021224 0.24981630297620722 -0.96826335926764229 0.0076080133438837724 1.1345340140100255 -0.5970175100819537 -0.16020963907891334 -0.78606804044036105 -6.5313411990747428 0 0 0 1</transform>
        <rotation_covariance>7.7045417564559414e-08 -2.3900705060008028e-08 1.1403013935687714e-08 -2.3900705060008021e-08 2.0284249186236733e-07 2.5392847980416779e-08 1.1403013935687714e-08 2.5392847980416779e-08 6.3746288737529633e-08</rotation_covariance>
        <location_covariance>1.164116194440232e-05 -1.5572112730991848e-06 -3.9432474428746149e-07 -1.5572112730991848e-06 4.3746099131005744e-06 -2.8107773865572682e-06 -3.9432474428746149e-07 -2.8107773865572682e-06 1.0312589271300081e-05</location_covariance>
      </camera>
      <camera id="11" sensor_id="1" component_id="0" label="AS17-138-21034HR">
        <transform>0.58123546439122986 0.31998432694082091 -0.74818137202562074 11.049423167411998 0.2682486746783812 -0.94339106821634844 -0.19507931961873448 1.0105249355448789 -0.76824994856309792 -0.087311642533205239 -0.63416771725699728 -7.3913468440129497 0 0 0 1</transform>
        <rotation_covariance>9.2427513543643843e-08 -3.4410070125166791e-08 1.4181706775384091e-08 -3.4410070125166791e-08 2.0301570953929076e-07 4.4821875917701263e-08 1.4181706775384091e-08 4.4821875917701256e-08 9.3092090917269124e-08</rotation_covariance>
        <location_covariance>1.3768964438970596e-05 -1.8782918136871982e-06 -2.8028178513802411e-07 -1.8782918136871982e-06 5.9657465101130525e-06 -3.4710679360045183e-06 -2.8028178513802411e-07 -3.4710679360045183e-06 1.4889785170351394e-05</location_covariance>
      </camera>
      <camera id="12" sensor_id="1" component_id="0" label="AS17-138-21035HR">
        <transform>0.53705125284170796 0.31932072320198662 -0.78077540147913915 9.7842273104183572 0.30016649189937622 -0.93734275885749163 -0.17688592244225487 0.61692315537628506 -0.78833750954903359 -0.13936580696564607 -0.59925048426083172 -4.9518807842646533 0 0 0 1</transform>
        <rotation_covariance>8.5479349737639558e-08 -1.8030979109654709e-08 3.6291771234255043e-09 -1.8030979109654706e-08 1.647648087327596e-07 3.3307580465428969e-08 3.6291771234255043e-09 3.3307580465428969e-08 7.2183925468613605e-08</rotation_covariance>
        <location_covariance>9.6377582971906706e-06 -7.2045141773376185e-07 -4.1151011812986001e-07 -7.2045141773376185e-07 2.6149238280808783e-06 -2.0059487523169766e-06 -4.1151011812986001e-07 -2.0059487523169766e-06 8.917467538709055e-06</location_covariance>
      </camera>
      <camera id="13" sensor_id="1" component_id="0" label="AS17-138-21036HR">
        <transform>-0.084028271061943882 0.16784915461231781 -0.98222497980771661 13.890997726607146 0.21391039834161196 -0.9596924598462977 -0.18229844759485489 2.452784465706578 -0.97323254731008313 -0.2254263600604226 0.044736618627645032 -13.155306740749822 0 0 0 1</transform>
        <rotation_covariance>3.4457387895179716e-07 4.9011443737992332e-08 1.8399564491005702e-08 4.9011443737992312e-08 7.6094863326294551e-07 4.2172749074330906e-08 1.8399564491005702e-08 4.2172749074330906e-08 1.158169215630756e-07</rotation_covariance>
        <location_covariance>4.9179736499750304e-05 -1.7862509945097585e-05 4.0373019542733494e-05 -1.7862509945097585e-05 3.8555918565312205e-05 -1.0972028847711727e-05 4.0373019542733494e-05 -1.0972028847711727e-05 3.7975429936160988e-05</location_covariance>
      </camera>
      <camera id="14" sensor_id="1" component_id="0" label="AS17-138-21037HR">
        <transform>-0.047584516924330078 0.18286678052497896 -0.98198546543699283 13.950486461800025 0.23187087272816401 -0.95422239604965364 -0.18893257330999486 1.9746499551357382 -0.97158201513272047 -0.23668409210947447 0.0030047317610830404 -10.833404120256713 0 0 0 1</transform>
        <rotation_covariance>3.4164439923125122e-07 4.4016220946364785e-08 1.5906940983521192e-08 4.4016220946364785e-08 7.1655943371579775e-07 4.2903240088871962e-08 1.5906940983521192e-08 4.2903240088871962e-08 1.0467781119066934e-07</rotation_covariance>
        <location_covariance>2.6713935478559274e-05 -1.4718002713538807e-05 3.1717591998120821e-05 -1.4718002713538807e-05 3.6344819545785974e-05 -1.2328073413667836e-05 3.1717591998120821e-05 -1.232807341366784e-05 3.8596567017714446e-05</location_covariance>
      </camera>
    </cameras>
    <reference>LOCAL_CS["Local Coordinates (m)",LOCAL_DATUM["Local Datum",0],UNIT["metre",1,AUTHORITY["EPSG","9001"]]]</reference>
    <region>
      <center>0.69289551815507933 0.5753589151110492 -9.2347512203871283</center>
      <size>17.303871774176756 11.437771005431813 9.5227501625816018</size>
      <R>-0.81248136458526421 -0.062545416366023676 0.57962237973810837 0.31033889683903348 -0.88805486390560739 0.33918774712882072 0.49352183468454441 0.45546309354896575 0.740938303169979</R>
    </region>
    <settings>
      <property name="accuracy_tiepoints" value="1"/>
      <property name="accuracy_cameras" value="10"/>
      <property name="accuracy_cameras_ypr" value="10"/>
      <property name="accuracy_markers" value="0.0050000000000000001"/>
      <property name="accuracy_scalebars" value="0.001"/>
      <property name="accuracy_projections" value="0.5"/>
    </settings>
    <meta>
      <property name="AlignCameras/adaptive_fitting" value="true"/>
      <property name="AlignCameras/align_laser_scans" value="false"/>
      <property name="AlignCameras/cameras" value=""/>
      <property name="AlignCameras/duration" value="15.787"/>
      <property name="AlignCameras/min_image" value="2"/>
      <property name="AlignCameras/point_clouds" value=""/>
      <property name="AlignCameras/ram_used" value="264667136"/>
      <property name="AlignCameras/reset_alignment" value="false"/>
      <property name="AlignCameras/subdivide_task" value="true"/>
      <property name="OptimizeCameras/sigma0" value="0.258129897727666"/>
    </meta>
  </chunk>
</document>
